

52 33.95
52 33.95
52 34.75
52 34.75
52 34.25
52 34.25
52 33.27
52 33.27
52 32.80
52 32.80
52 33.0
52 33.0
52 32.87
52 32.87
53 32.43
53 32.43
53 32.19
53 32.19
53 32.23
53 32.23
53 32.26
53 32.26
53 31.79
53 31.79
53 32.13
53 32.13
53 32.94
53 32.94
53 33.24
53 33.24
53 32.53
53 32.53
53 32.60
53 32.60
53 32.80
53 32.80
54 32.67
54 32.67
54 32.33
54 32.33
54 32.3
54 32.3
54 32.26
54 32.26
54 32.94
54 32.94
54 33.4
54 33.4
54 32.74
54 32.74
54 32.57
54 32.57
54 32.53
54 32.53
54 32.53
54 32.53
54 32.87
54 32.87
55 33.1
55 33.1
55 32.87
55 32.87
55 32.74
55 32.74
55 32.84
55 32.84
55 33.0
55 33.0
55 33.7
55 33.7
55 32.90
55 32.90
55 32.94
55 32.94
55 33.17
55 33.17
55 33.34
55 33.34
55 33.24
55 33.24
56 33.1
56 33.1
56 32.94
56 32.94
56 32.74
56 32.74
56 32.64
56 32.64
56 32.60
56 32.60
56 32.23
56 32.23
56 32.33
56 32.33
56 32.13
56 32.13
56 32.9
56 32.9
56 32.40
56 32.40
56 32.67
56 32.67
56 32.80
56 32.80
57 32.94
57 32.94
57 33.1
57 33.1
57 32.60
57 32.60
57 32.6
57 32.6
57 31.83
57 31.83
57 31.79
57 31.79
57 31.99
57 31.99
57 32.23
57 32.23
57 32.26
57 32.26
57 32.6
57 32.6
57 31.93
57 31.93
58 32.23
58 32.23
58 32.40
58 32.40
58 32.40
58 32.40
58 32.60
58 32.60
58 32.74
58 32.74
58 32.53
58 32.53
58 32.40
58 32.40
58 32.26
58 32.26
58 32.26
58 32.26
58 32.40
58 32.40
58 32.47
58 32.47
59 32.33
59 32.33
59 32.0
59 32.0
59 31.79
59 31.79
59 31.55
59 31.55
59 31.52
59 31.52
59 31.72
59 31.72
59 31.89
59 31.89
59 31.93
59 31.93
59 31.99
59 31.99
59 31.72
59 31.72
59 31.79
59 31.79
59 32.6
59 32.6
00 32.47
00 32.47
00 32.43
00 32.43
00 32.13
00 32.13
00 32.23
00 32.23
00 32.16
00 32.16
00 32.6
00 32.6
00 32.26
00 32.26
00 32.47
00 32.47
00 33.27
00 33.27
00 33.7
00 33.7
00 33.1
00 33.1
01 32.60
01 32.60
01 32.40
01 32.40
01 32.6
01 32.6
01 32.10
01 32.10
01 32.67
01 32.67
01 33.41
01 33.41
01 33.65
01 33.65
01 33.75
01 33.75
01 33.75
01 33.75
01 33.54
01 33.54
01 33.38
01 33.38
02 33.11
02 33.11
02 33.1
02 33.1
02 33.4
02 33.4
02 32.90
02 32.90
02 32.50
02 32.50
02 32.26
02 32.26
02 32.20
02 32.20
02 32.13
02 32.13
02 31.93
02 31.93
02 31.86
02 31.86
02 32.60
02 32.60
02 32.74
02 32.74
03 32.74
03 32.74
03 32.70
03 32.70
03 32.67
03 32.67
03 32.67
03 32.67
03 32.80
03 32.80
03 32.80
03 32.80
03 33.17
03 33.17
03 32.94
03 32.94
03 32.53
03 32.53
03 32.54
03 32.54
03 32.47
03 32.47
04 32.13
04 32.13
04 31.99
04 31.99
04 31.66
04 31.66
04 31.59
04 31.59
04 31.66
04 31.66
04 32.13
04 32.13
04 32.27
04 32.27
04 32.40
04 32.40
04 32.80
04 32.80
04 32.94
04 32.94
04 32.70
04 32.70
05 32.60
05 32.60
05 32.74
05 32.74
05 32.67
05 32.67
05 32.94
05 32.94
05 32.54
05 32.54
05 31.86
05 31.86
05 32.13
05 32.13
05 32.94
05 32.94
05 32.81
05 32.81
05 32.33
05 32.33
05 32.47
05 32.47
06 32.40
06 32.40
06 32.6
06 32.6
06 31.89
06 31.89
06 31.93
06 31.93
06 32.33
06 32.33
06 32.30
06 32.30
06 32.33
06 32.33
06 32.23
06 32.23
06 32.13
06 32.13
06 31.99
06 31.99
06 31.96
06 31.96
06 31.79
06 31.79
07 31.72
07 31.72
07 31.72
07 31.72
07 31.86
07 31.86
07 31.99
07 31.99
07 32.13
07 32.13
07 32.6
07 32.6
07 31.93
07 31.93
07 32.6
07 32.6
07 32.33
07 32.33
07 32.57
07 32.57
07 32.33
07 32.33
08 32.20
08 32.20
08 32.13
08 32.13
08 31.79
08 31.79
08 31.52
08 31.52
08 31.89
08 31.89
08 31.99
08 31.99
08 31.66
08 31.66
08 31.55
08 31.55
08 31.83
08 31.83
08 31.86
08 31.86
08 31.79
08 31.79
09 31.79
09 31.79
09 31.66
09 31.66
09 31.45
09 31.45
09 31.49
09 31.49
09 31.62
09 31.62
09 31.76
09 31.76
09 31.49
09 31.49
09 31.66
09 31.66
09 32.3
09 32.3
09 31.89
09 31.89
09 32.26
09 32.26
09 32.47
09 32.47
10 32.33
10 32.33
10 32.47
10 32.47
10 32.84
10 32.84
10 33.1
10 33.1
10 33.14
10 33.14
10 32.74
10 32.74
10 32.40
10 32.40
10 32.20
10 32.20
10 31.86
10 31.86
10 31.89
10 31.89
10 31.92
10 31.92
11 32.20
11 32.20
11 32.40
11 32.40
11 32.47
11 32.47
11 32.13
11 32.13
11 31.76
11 31.76
11 31.79
11 31.79
11 31.93
11 31.93
11 32.33
11 32.33
11 32.50
11 32.50
11 32.53
11 32.53
11 32.77
11 32.77
12 32.40
12 32.40
12 32.94
12 32.94
12 33.95
12 33.95
12 33.88
12 33.88
12 33.34
12 33.34
12 33.51
12 33.51
12 33.61
12 33.61
12 32.74
12 32.74
12 32.6
12 32.6
12 32.3
12 32.3
12 32.20
12 32.20
13 32.47
13 32.47
13 32.80
13 32.80
13 32.87
13 32.87
13 32.47
13 32.47
13 32.40
13 32.40
13 32.67
13 32.67
13 32.60
13 32.60
13 32.20
13 32.20
13 31.86
13 31.86
13 32.6
13 32.6
13 32.43
13 32.43
13 32.63
13 32.63
14 32.53
14 32.53
14 33.1
14 33.1
14 33.11
14 33.11
14 33.24
14 33.24
14 33.34
14 33.34
14 32.87
14 32.87
14 32.67
14 32.67
14 32.74
14 32.74
14 32.94
14 32.94
14 33.61
14 33.61
14 33.75
14 33.75
15 33.21
15 33.21
15 32.40
15 32.40
15 31.99
15 31.99
15 32.16
15 32.16
15 32.43
15 32.43
15 32.47
15 32.47
15 32.0
15 32.0
15 32.23
15 32.23
15 32.60
15 32.60
15 32.74
15 32.74
15 32.74
15 32.74
16 32.67
16 32.67
16 32.64
16 32.64
16 32.60
16 32.60
16 32.60
16 32.60
16 32.67
16 32.67
16 33.1
16 33.1
16 33.14
16 33.14
16 33.61
16 33.61
16 33.14
16 33.14
16 33.7
16 33.7
16 32.67
16 32.67
16 32.60
16 32.60
17 32.94
17 32.94
17 32.47
17 32.47
17 31.89
17 31.89
17 31.62
17 31.62
17 31.45
17 31.45
17 31.66
17 31.66
17 31.89
17 31.89
17 31.93
17 31.93
17 31.76
17 31.76
17 31.86
17 31.86
17 31.72
17 31.72
18 31.99
18 31.99
18 33.4
18 33.4
18 33.34
18 33.34
18 32.77
18 32.77
18 32.40
18 32.40
18 32.13
18 32.13
18 32.13
18 32.13
18 32.23
18 32.23
18 31.72
18 31.72
18 31.52
18 31.52
18 31.79
18 31.79
19 32.3
19 32.3
19 32.33
19 32.33
19 32.64
19 32.64
19 32.80
19 32.80
19 32.70
19 32.70
19 32.57
19 32.57
19 32.27
19 32.27
19 32.13
19 32.13
19 32.33
19 32.33
19 32.43
19 32.43
19 31.99
19 31.99
19 31.86
19 31.86
20 32.10
20 32.10
20 32.6
20 32.6
20 31.72
20 31.72
20 31.86
20 31.86
20 32.20
20 32.20
