

52 695
52 695
52 695
52 695
52 689
52 689
52 695
52 695
52 695
52 695
52 689
52 689
52 695
52 695
53 695
53 695
53 689
53 689
53 695
53 695
53 695
53 695
53 695
53 695
53 689
53 689
53 695
53 695
53 689
53 689
53 695
53 695
53 695
53 695
53 689
53 689
54 695
54 695
54 689
54 689
54 695
54 695
54 689
54 689
54 695
54 695
54 695
54 695
54 695
54 695
54 695
54 695
54 695
54 695
54 695
54 695
54 695
54 695
55 695
55 695
55 695
55 695
55 689
55 689
55 695
55 695
55 689
55 689
55 695
55 695
55 695
55 695
55 689
55 689
55 689
55 689
55 683
55 683
55 689
55 689
55 689
55 689
56 695
56 695
56 689
56 689
56 695
56 695
56 689
56 689
56 695
56 695
56 683
56 683
56 689
56 689
56 695
56 695
56 689
56 689
56 689
56 689
56 695
56 695
57 689
57 689
57 695
57 695
57 683
57 683
57 689
57 689
57 689
57 689
57 695
57 695
57 683
57 683
57 695
57 695
57 689
57 689
57 695
57 695
57 683
57 683
58 695
58 695
58 695
58 695
58 695
58 695
58 695
58 695
58 689
58 689
58 689
58 689
58 689
58 689
58 689
58 689
58 695
58 695
58 683
58 683
58 695
58 695
59 689
59 689
59 689
59 689
59 689
59 689
59 689
59 689
59 689
59 689
59 695
59 695
59 695
59 695
59 689
59 689
59 695
59 695
59 695
59 695
59 695
59 695
59 695
59 695
00 695
00 695
00 689
00 689
00 689
00 689
00 689
00 689
00 695
00 695
00 695
00 695
00 695
00 695
00 689
00 689
00 695
00 695
00 689
00 689
00 695
00 695
01 695
01 695
01 689
01 689
01 695
01 695
01 689
01 689
01 695
01 695
01 695
01 695
01 695
01 695
01 695
01 695
01 689
01 689
01 689
01 689
01 695
01 695
02 695
02 695
02 695
02 695
02 695
02 695
02 695
02 695
02 695
02 695
02 689
02 689
02 695
02 695
02 695
02 695
02 695
02 695
02 695
02 695
02 689
02 689
02 689
02 689
03 695
03 695
03 689
03 689
03 683
03 683
03 689
03 689
03 689
03 689
03 695
03 695
03 695
03 695
03 695
03 695
03 695
03 695
03 689
03 689
03 695
03 695
04 695
04 695
04 695
04 695
04 695
04 695
04 695
04 695
04 695
04 695
04 695
04 695
04 701
04 701
04 695
04 695
04 695
04 695
04 689
04 689
04 695
04 695
05 695
05 695
05 695
05 695
05 695
05 695
05 701
05 701
05 695
05 695
05 689
05 689
05 695
05 695
05 683
05 683
05 689
05 689
05 689
05 689
05 683
05 683
05 689
05 689
06 695
06 695
06 695
06 695
06 689
06 689
06 695
06 695
06 689
06 689
06 695
06 695
06 689
06 689
06 695
06 695
06 689
06 689
06 695
06 695
06 689
06 689
07 689
07 689
07 689
07 689
07 689
07 689
07 689
07 689
07 695
07 695
07 695
07 695
07 695
07 695
07 695
07 695
07 695
07 695
07 695
07 695
07 689
07 689
08 689
08 689
08 695
08 695
08 695
08 695
08 695
08 695
08 695
08 695
08 695
08 695
08 689
08 689
08 689
08 689
08 695
08 695
08 695
08 695
08 695
08 695
09 689
09 689
09 695
09 695
09 695
09 695
09 689
09 689
09 695
09 695
09 695
09 695
09 695
09 695
09 689
09 689
09 695
09 695
09 689
09 689
09 689
09 689
09 689
09 689
10 695
10 695
10 689
10 689
10 695
10 695
10 695
10 695
10 689
10 689
10 689
10 689
10 695
10 695
10 689
10 689
10 695
10 695
10 695
10 695
10 695
10 695
11 689
11 689
11 695
11 695
11 689
11 689
11 689
11 689
11 689
11 689
11 683
11 683
11 695
11 695
11 689
11 689
11 689
11 689
11 695
11 695
11 689
11 689
12 689
12 689
12 695
12 695
12 695
12 695
12 689
12 689
12 695
12 695
12 689
12 689
12 689
12 689
12 695
12 695
12 689
12 689
12 689
12 689
12 689
12 689
12 695
12 695
13 695
13 695
13 689
13 689
13 689
13 689
13 689
13 689
13 683
13 683
13 695
13 695
13 689
13 689
13 695
13 695
13 695
13 695
13 689
13 689
13 689
13 689
14 695
14 695
14 689
14 689
14 689
14 689
14 695
14 695
14 695
14 695
14 695
14 695
14 689
14 689
14 689
14 689
14 695
14 695
14 689
14 689
14 689
14 689
15 689
15 689
15 689
15 689
15 695
15 695
15 695
15 695
15 689
15 689
15 695
15 695
15 695
15 695
15 695
15 695
15 695
15 695
15 695
15 695
15 689
15 689
16 695
16 695
16 689
16 689
16 689
16 689
16 695
16 695
16 695
16 695
16 695
16 695
16 695
16 695
16 689
16 689
16 695
16 695
16 689
16 689
16 689
16 689
16 689
16 689
17 695
17 695
17 683
17 683
17 695
17 695
17 695
17 695
17 695
17 695
17 695
17 695
17 689
17 689
17 695
17 695
17 689
17 689
17 689
17 689
17 695
17 695
18 695
18 695
18 695
18 695
18 689
18 689
18 695
18 695
18 689
18 689
18 689
18 689
18 695
18 695
18 695
18 695
18 689
18 689
18 683
18 683
18 695
18 695
19 695
19 695
19 689
19 689
19 689
19 689
19 689
19 689
19 695
19 695
19 695
19 695
19 695
19 695
19 689
19 689
19 689
19 689
19 695
19 695
19 695
19 695
19 695
19 695
20 695
20 695
20 689
20 689
20 683
20 683
20 695
20 695
20 695
20 695
20 695
20 695
